0
1735
960
1605
1965
-960
830
225
-895
-775
-885
-1695
-755
-2300
1330
1780
660
-985
-825
875
210
1995
2185
1455
-130
930
-1475
1540
-2315
-595
610
-270
590
1865
-1350
1225
-290
-2060
-555
505
1420
710
2165
25
785
1215
-1185
-750
-2040
415
440
-1590
-765
-1470
-875
5
1125
-2150
280
-1180
150
1575
-2305
-50
2305
1015
-2010
2485
-65
2360
2205
1805
955
-580
-1875
2180
880
-1460
1595
625
2415
350
-2240
-310
1745
1025
-2105
-1570
-75
-2180
2400
1105
-1565
130
-575
2255
-1430
2270
1520
-1755
460
-160
-1600
1055
895
330
-585
2115
1485
1210
-1405
-1190
-285
2020
555
-2320
-1485
-1465
-1040
740
1190
1270
-180
-1525
-665
-1445
2140
-320
-220
-1805
1980
-625
2310
-640
1110
-390
-1880
2410
870
-1835
-835
520
-1605
-1860
-1380
1370
1710
-965
-785
-2135
-2205
600
-80
1755
345
-1020
-2480
-385
580
-1800
1130
1045
-2280
-880
1360
-2080
1850
-2335
-1910
445
1620
-1360
-10
2015
-90
1400
-1815
500
1835
-680
-15
-395
-1685
2045
845
1610
-2435
-245
-1955
-1575
-570
940
-1890
405
2385
-1650
-1345
-1585
2170
2365
700
1560
-2065
-2490
115
-2020
140
-2375
1765
-655
100
50
2125
-1080
-560
190
-1480
1480
-1635
-2085
-2265
530
-2165
765
-1340
1655
-1315
35
965
1440
-2415
-2460
2145
1060
-1165
-200
2160
-855
2435
-1760
175
-1830
-810
-1390
195
1695
-1060
2285
1160
705