0
13755
32620
-45555
-28500
32705
-10620
5845
23810
26015
5850
25430
-28385
34520
-11360
-45750
44760
28560
-48265
-15625
15165
12080
48410
-33980
18345
34060
36735
17240
-46550
32500
-17010
30440
33370
22835
-35860
-9150
-16600
-40320
36270
42530
-24840
-1940
-5180
-18690
-22895
-17650
48230
-46270
29050
31685
7455
170
25615
-9895
-38350
41700
-24990
6405
24850
25465
-13930
2940
-33430
39565
27790
-22215
46060
-29250
-27445
27185
-38955
20765
46635
37120
15285
-36945
21000
-29585
-10280
27015
-5415
31420
43695
-4380
-22035
14475
-31265
-2695
-10945
44235
-16120
40245
29055
16560
-550
2640
-48855
18530
13525
-10065
21175
34740
-27535
33580
18910
-44965
-45440
43670
-18495
-42880
12930
41915
47540
-4905
-39730
36765
-36450
16485
24825
45615
20460
-33590
15045
49730
-12755
15135
-1445
-37640
7390
-46695
-11365
-22880
19040
45135
46365
48775
2130
-39910
44820
-36620
42405
29890
-8550
-40125
-29010
-7350
-3225
-35745
-33990
49630
-47165
9030
-16895
6915
875
49365
45245
30300
-49710
32155
24475
48175
-26405
29465
25255
-9840
-40115
41490
-45280
-46330
-13395
12220
17885
-47520
-42965
-32390
-9805
48770
-12975
-36745
-47690
17465
7285
-21930
-15105
-15160
23400
-12260
-13150
18140
-31525
-37030
4130
-48760
46590
3675
-47315
38585
5630
49235
-11170
23310
-12840
-46825
-4405
40105
-41045
21395
16885
36720
-10715
27585
-35750
-6595
-33725
-7205
-18480
39120
41775
25335
48700
35180
-3075
-4025
-4305
5445
-15010
43630
-37390
33865
-23115
40410
3035
6200
27735
30305
34650
-7665
47060
45025
-40575
31000
-9535
-42575
-47105
-15460
-15755
-360
39090
32685
37920
-29515
20150
3700
47400
41660
-14280
375
-27030
-21065
33170
-9635
-1050
14500
19430
-795
-10655
-37770
42145
23910
30895
-32980
-23985
45345
27355
3875
20835
355
48550
-44640
-38405
38035
45830
-25905
-16160
-4315
22110
-16885
26165
7010
-37835
-44510
39035
11130
-36330
-16440
-40830
3695
-36075
34690
-16920
-27305
-32395
10355
38515
30470
-33070
17525
-6635
-37190
-7725
-38110
27335
14785
-47665
9825
39830
-665
7990
34330
-1750
-160
33630
6435
24335
-18395
45280
-39100
-48630
-22445
26365
-31025
6445
46915
-11675
-42995
23090
14735
-6885
-22655
9905
7140
39370
-3500
25205
20490
11980
28190
9080
10255
9975
9610
-5730
36405
-6575
21355
14040
34090
-5990
-17725
2570
-27330
-735
-34820
-27360
42370
5410
-14730
-27680
-12865
-1890
-8100
32765
35605
-385
-14520
-28035
-26820
21010
-47225
49890
-27100
44385
35640
39385
22910
48515
-12415
-9420
35305
-10665
34695
49880
21400
-40365
-30985
-35165
28860
31555
-29525
-6655
5360
-28890
-46600
-47140
25260
45055
48655
-37315
-29995
-49110
-12310
-38155
31950
-39850
-32500
-42095
-13800
-605
2790
-45410
-36110
14565
30945
2980
-23765
40320
-40165
34155
-41665
-27640
-37840
33355
6035
8280
-42465
14755
6925
-19245
46790
31485
-16290
25585
-6190
-42990
-47555
-31240
18205
7065
17650
11145
6240
27890
-28610
-4960
-8470
43445
47830
38450
-1325
3765
49895
32230
37575
14775
-37320
1895
-45735
34270
2785
-34465
6710
7985
32580
30975
15495
-39015
-3950
38315
49695
24065
19480
-10315
18830
16825
16550
-22255
-35970
3170
-45260
43720
16310
-44705
25150
13520
38175
17980
-24700
-22250
47650
-38345
-35160
-14270
-34720
44450
43910
43085
34015
-39520
48660
37055
10505
5600
2020
-28265
27125
-14240
-16335
15430
41125
-6180
-22495
-25955
-7985
-35475
46255
14035
7630
33650
43850
180
-45900
-27120
43640
38825
28780
-8400
-24010
-19845
31790
-27890
-1935
48945
-40105
20250
-27375
-14140
-33845
-38265
31365
14265
-20395
49865
-47720
5225
21155
29885
41650
45145
39640
-2970
43190
-47630
7435
-5640
-40760
47305
-4145
14790
-43480
-16255
5915
14720
46425
34505
-4675
-21035
22090
-3570
38810
-9995
13110
-24375
44485
47950
3645
-13975
21035
-29570
-19900
32305
-28155
-10575
-1640
31505
-11535
-6055
-31880
-47645
23950
30820
-44545
13570
33790
14165
34780
27530
16690
-21380
14985
-35780
-10320
16395
-40180
9260
34235
32335
29000
43690
-8980
-2790
-6860
14620
8010
19990
-17260
35230
-22490
-37580
40790
5515
-6940
-18270
43315
-450
-6530
44145
5805
-32105
-49500
-37430
43410
-46995
19935
-5090
-1340
-31915
-18360
-1000
46685
18890
-19505
-36895
-45835
-21670
-19710
-14870
-105
4175
-43315
-13925
14805
-32180
-17590
9955
-33085
-5780
-31210
-35820
915
7915
-16200
28515
9450
27320
-12220
5145
1960
29105
36530
-29795
280
-26490
12160
-44765
-28270
44020
13300
-19600
-29775
34440
9820
-14485
-44575
-32485
39310
25115
-31065
12760
10605
26900
-44825
19450
-1115
34220
-23540
9525
-16455
31335
17760
1775
-22195
-30430
6360
25840
-4485
-28325
-36505
-20810
-12395
10820
-16240
11110
32925
-43555
28800
-40495
10670
-1385
21955
8765
-2180
-38070
31405
-40290
41360
-41320
22815
26205
-14875
-14690
-13610
-14190
-31380
-12750
-26020
-25495
-22205
-37715
13720
20245
1720
-40145
1385
23915
-11205
34340
-26525
-42440
-28355
-22775
5040
12620
-34735
29215
35490
-25385
-8800
37220
10865
-38920
-43930
40165
18190
-30355
-20380
-42700
40100
14585
3335
-43460
9135
-28595
-34795
-42730
49120
18270
47825
-45625
-30240
-41885
45075
55
-23615
-38035
-39440
28440
12595
-10350
-19700
-38455
-12435
-1415
-8655
-15655
-475
-8985
4000
-24880
-8225
21450
27515
-45540
-12195
41325
-17950
12550
44585
-37225
8640
-43010
-16195
22065
-37415
17990
28060
-7520
28935
14075
14510
26280
-29925
37680
33850
12460
25020
-24655
-48115
-9885
-3355
18995
22695
32245
15860
-12200
5975
-32840
6620
41220
-49920
35710
-19590
12845
34115
-44445
46150
45740
24530
-3805
20135
36090
39470
-9550
7115
30630
-27340
-49035
39020
-19100
21350
-36100
-33630
-27460
-7640
38250
-27390
-6640
48530
33285
-27125
-28665
-31640
-17040
-26770
43130
2480
-47020
-2295
-47960
12935
-48635
-15545
4560
-47525
15080
33395
-48940
-31080
-22060
49835
36760
32050
-32170
-44710
7300
-30785
26980
-19920
-32325
43465
-27335
-36665
9270
46720
-30040
16850
47510
-49970
-37540
10185
-40820
29575
19660
-10515
43255
25245
-39495
-33615
32640
-38010
-10970
44540
38125
40445
-17170
33560
-11715
-640
10715
-28020
-37195
-26120
-48285
-7565
40600
-19040
45730
-49595
-16845
-16640
-25705
-19360
-4505
33675
-35760
-1460
23655
20430
-18625
-24690
21715
-5445
30595
-685
-8435
3810
-280
17665
-1535
37640
13250
-22405
24905
-36480
30985
41940
18710
1375
25110
12095
22015
-38160
-33265
-37740
21500
44935
-31470
19645
-45890
-32545
48715
15020
20970
-16285
42050
-10880
5930
-49750
-49455
-18935
-47510
-43200
30625
26355
-46850
-25060
-14570
18640
10310
-4765
-29460
-1075
16905
10040
37385
37265
21750
9370
-9025
-1715
-2120
-24170
15175
7165
-11935
-7105
42865
-10265
23690
-2030
-39755
39250
7080
44720
-26290
38020
-7735
-7290
-6270
22140
-39060
-2125
-10680
28210
3055
39030
-44120
-46975
8725
34905
42295
-17700
-585
41625
-33655
-6560
-40000
3565
11805
-12165
-43190
23190
-32985
-28475
-38965
2700
-16815
13050
-45245
18260
-7645
26070
40815
31590
24880
16280
-13025
-37385
-18730
-41930
-6360
-21180
40145
-49670
-14715
1285
-8825
9635
37745
-49340
9360
49185
15470
45540
20700
48640
4630
20840
-37240
27760
-40275
12235
-13850
10515
-25800
32295
44225
-1610
-27945
20070
-20660
-26710
6330
-30405
8870
-25645
-42370
35625
-23265
-14850
27625
-7450
-46895
-9075
-6150
-9055
-49405
30380
-14465
-13490
43300
34585
32755
9580
45600
-13985
-23090
-2705
21995
-20325
13330
-49905
-9630
-17105
7755
-9740
39550
-46780
39225
-38410
32345
-32915
-29335
-35350
-3375
46835
-27775
38615
21045
2280
14905
38850
15100
13450
-21635
-17900
28655
47550
-18780
24110
39110
36865
30495
35990
41830
40665
-28285
-36155
4155
46960
-20730
-16745
-24845
-20120
-37405
31510
-33175
46520
22625
-8645
-9680
-28010
-46395
8770
-36685
-9195
-8795
-47335
42750
-3625
-1690
30920
-28965
41270
41925
-34885
27655
-40645
-48485
-46765
-36795
10590
23990
-8560
-13135
24130
21575
-36635
-1785
-8635
1065
-9300
-20805
-12770
-30530
-33230
3105
31260
-48335
-37870
4180
49215
30705
25000
10920
-1505
26860
27325
-6975
-37055
-22715
11080
6365
25965
8160
26360
-43215
24690
-49150
8035
-34750
-37725
22175
-27570
21085
-10030
-36175
-1095
-35715
-2975
38545
-7635
1295
-11590
-11640
16225
46770
-5165
30245
-2775
-26630
2715
-38840
-43150
-5600
10825
36750
6850
-18865
765
-44070
-14785
18870
-6060
-37140
-31655
-36475
23435
2575
40860
-10740
10445
-4390
22870
-5745
-16605
-49205
-6275
-31660
-2485
-25210
-3025
-1210
17880
47845
-41110
-48435
-43240
-24045
-22905
47620
16110
-41325
39665
45140
-49330
37935
24975
-950
35205
15775
27645
13950
-22935
4640
-47870
-12550
-12780
-25750
47775
-15395
38990
37830
-35505
-10085
-25080
-41240
-3860
12385
3960
-15920
-32445
-48130
38405
-1245
-32900
41365
43780
23790
38600
-2170
44505
-26225
23095
26755
-2385
37325
4395
40430
8115
47655
-23880
-31545
-25860
9075
-20800
-31810
-19345
2325
-6735
4750
32610
-36590
-33410
37270
16970
37300
-1465
31425
-33440
7900
27055
3310
-9780
27390
-28215
-49615
-31920
-26230
-35300
30350
-15405
24370
-35925
-35070
3495
-19640
-47890
25370
-35610
47105
20670
-7240
-5020
47470
1770
-23050
37835
-6145
24865
19105
-33060
-39595
-2675
-13350
21695
4260
27210
-12320
-12500
-9045
-7220
22505
-28280
-3135
-41645
13740
22575
4230
-30825
-10380
-17375
49345
-3725
-40930
-13165
-28495
-18315
4715
-34015
49970
20225
-36090
-48775
-32420
-42555
21890
11250
-1780
-15525
24675
16975
-6460
-9320
45715
-8135
27550
35485
-22810
15295
-35445
41855
-26270
18795
23410
-9265
-28710
-45655
-42835
37210
38520
-6915
49945
25570
15365
14000
30445
-48145
17070
1505
18535
10995
-2410
17740
-8540
-11070
48930
9720
43940
38610
23355
-11600
47340
22335
21340
14675
12245
-11230
-35905
41880
41755
-26470
-335
49085
-36570
42895
-6195
-34235
-25325
-11685
-45120
-34910
1865
-26465
47905
-4995
-28375
-22570
7255
-19085
-38610
-41755
-7135
7335
-13635
-7625
-4015
-44590
-46240
-46860
-850
-33960
24990
-33300
12790
-12960
-10930
5540
-27800
-36740
48430
-5595
14420
7415
45365
-25125
-49685
15720
1465
-10095
-20490
-6660
37000
-17740
-30500
-37015
-44720
27800
46905
-25945
-34140
2485
10470
-1615
40060
41705
-25180
32935
24640
-44415
-10520
26630
-5120
-2755
-21650
-48510
35510
48940
-13030
-36425
43945
26705
26025
26845
17765
22155
9625
-17470
39195
26945
39220
-39690
-8870
-39320
4095
-23890
5690
45660
-43725
27960
-34460
-43605
-36020
36890
-34495
-27660
17090
-36030
42515
-40445
70
34420
42290
41800
24460
-6630
39975
28175
-15205
-7685
5170
990
24500
-46310
28590
36415
29420
40325
-30545
-21140
-28065
-40860
-32460
16700
6275
-18955
-26750
7800
-44480
38490
8070
-18090
33515
47500
28585
26530
36885
38830
-14130
47955
-1045
44110
10275
42215
-41295
-32880
37785
-45415
28550
-47730
11755
-22605
-49070
43355
-32375
10395
22940
40465
36620
-39380
38920
-33475
34600
35060
-8865
-11595
34700
-17760
-20385
25925
38590
-32440
-14430
18685
-29365
-20045
-22545
26270
-41505
33470
20440
-17735
-31565
7825
13610
11275
-20765
810
16740
-38370
-23770
28645
44390
47135
-7030
-8545
-9065
-11215
-3100
10595
-7720
2045
-4175
-39555
3940
7625
-24495
45315
16940
11000
-31700
-33290
775
-18570
-6070
49840
-10
22375
-22660
29635
22700
-32765
1790
-15840
-10890
-46420
49350
-27725
-14560
-26825
-41720
-42280
-33145
-15555
32350
47460
-27075
42150
-36055
26185
-4415
12295
39335
-32520
30925
-20135
43785
-47930
-26960
-29215
-16995
23160
-11575
-22620
44825
-48790
27200
16340
40490
30265
-30715
8220
36345
29340
9585
46265
8490
-35240
-42300
-20845
35550
-28720
-15835
2450
-48505
-20100
18595
44790
17150
-45225
46760
4725
46440
47525
-2585
-14790
-35415
-9230
39845
-29645
38880
-18295
-27720
49910
-610
39760
-13060
-30645
46460
-9555
-4955
-28380
-9845
-34790
-43145
-24190
41810
-42030
-33925
38630
-24785
-21585
-25660
-5340
-7785
24435
-30380
30
-22480
-25755
-16230
6315
-12590
-35110
-14945
27090
24390
-11010
-34230
-30140
37910
-24090
-45205
6575
-18225
31290
-40695
-34210
27935
-40280
-5030
-11695
-12315
-37020
-20300
35810
-32040
33010
-48190
-34055
-6910
-33415
-28230
-20310
-15065
-48320
-15675
-49155
11120
-41670
-16350
-10440
-37340
-40500
-49335
-47090
29395
40515
-1815
-28160
46730
1615
4400
41990
14220
16320
-38540
-1315
29260
-13325
-20860
-11735
11310
-7755
21190
-35755
-6695
12185
27460
-21040
8245
-31160
-9370
-11635
44150
-43070
46785
-33505
-13855
-4930
17000
-49870
30500
38595
-43570
-13485
2550
13095
21680
12225
25005
-48380
35745
-47265
-25510
-23555
-39765
17955
15125
22725
-30100
-19330
2390
6305
20020
32000
-4490
-20275
47890
38910
-14335
-46875
-17150
-36580
42550
42350
18760
-42055
19595
-35355
28090
-3165
715
-9640
-29960
-46035
18930
20025
3505
49230
-46015
-31460
19605
-20825
38730
-7700
49115
-2445
19730
-34195
-7955
23040
-5125
-13280
-22075
13585
-2800
49810
-27795
14600
12885
-43595
24310
20115
-20675
-17455
-6370
33775
27885
-36235
18480
-13080
-14640
35505
-4215
-7300
1740
30005
48985
30670
18335
-750
34990
-43585
-18590
21570
44475
34835
-15410
12740
-17140
-28145
-11835
14260
19050
-16755
-16040
19505
7180
-30000
-15795
-4525
34120
49790
5905
-31015
-37680
29685
38165
-8240
36285
-36250
-40715
36755
11815
11670
-885
30575
-11570
15375
34530
-7015
48650
33270
-45590
490
7650
-11030
29320
7730
-48740
-14265
-47410
-49505
23450
-26620
-12080
-29955
22400
850
-22065
-33525
-5275
-8335
5000
-18985
-6155
-2785
-21705
-3470
-12805
2460
34265
44305
30740
-40110
-15510
15570
-445
12495
-33875
-47170
23890
-29345
11625
-500
-31495
-39390
-23035
-5170
-43780
-29850
19735
-19605
-48690
6090
-23255
6215
22670
5940
-30630
22930
-19275
-46930
725
-11420
17360
-20735
13710
-40005
3010
21800
10265
45300
-35225
-21790
37050
-25065
-33165
23930
34950
7555
5095
44190
-9270
-23805
29285
27725
34105
-30345
-38325
-20070
17965
-22790
17875
5130
-17460
17060
-24625
5355
21665
17115
-35030
-37040
43685
12995
26480
-31740
-44285
-45005
-395
24465
-30390
17100
43240
1485
6410
18060
48995
29825
19955
39125
-43770
35075
-17960
17335
-31820
24395
48905
10400
-49410
45915
28870
-48140
-49965
-7255
33635
-10785
19275
29385
-10250
42335
-6680
-17305
27940
-2850
2305
2915
4225
-21420
-24440
-31625
-37125
1815
-24470
-35315
49155
-49325
26105
30870
-15325
-19955
-46775
40765
-295
10375
-31040
37865
7580
42310
-34490
-20095
-21875
37215
-29165
42580
640
16790
39435
-38065
39605
8460
-48920
39995
19230
33120
38820
45835
-43180
40850
-27645
-31875
-22965
42610
40035
37685
-3760
-32280
11520
43210
-19745
-25870
-9050
36435
-13545
10875
13180
13090
-26870
-25625
-12065
19655
-14235
-270
-29885
-34625
-26810
9015
42085
-45935
13595
-41365
-31530
-21200
-11265
2470
-7160
-13275
-16855
-18605
-33640
12940
8950
22260
-5860
-40380
-48095
37400
-1170
45870
-17830
-14820
-2425
1395
-20005
24260
-40030
33350
41950
-29725
-46080
36465
30230
-31960
18325
-8525
42380
-9540
47280
-43170
-3655
-17775
8305
-34305
3840
16200
45645
-47925
11595
-40650
45630
17305
-25050
45465
1710
41200
-5495
-34160
-27670
-12005
-4855
26645
-30260
1220
-23940
40915
30375
33215
-48495
-44975
-1875
22800
-5040
24245
49270
-35590
-43370
-1195
9600
43270
-47515
-28000
39555
-48000
15385
-37590
13310
41565
34875
44615
-19420
46640
-34440
-30965
11360
-2560
-24820
-48945
39075
-21150
-11490
17085
-49765
17500
-29255
18445
1440
-16665
8575
33575
-8145
8250
-11625
48670
-1670
3380
-13990
-32150
28170
-29315
-23525
-16165
-47115
-18150
13235
15040
39905
25405
-26980
20075
-24235
-25440
-4570
-27085
2330
-6800
-21735
9740
-30425
18555
9800
-43875
-42335
36875
-29275
37895
-4740
38985
22755
-22770
37700
-15120
-47585
-10735
9300
17040
39145
-32975
37505
16845
-25965
-14185
26235
-43820
18665
20995
-22345
11740
-5840
8240
16995
-24390
-18305
30490
-8570
-5105
36150
4565
-34120
35070
16270
-14220
15390
-6500
-28600
-28880
28435
-46800
23205
38330
41395
42705
-30635
14915
5745
-12115
12725
-13815
28010
-1830
-40915
22330
31820
-10695
7190
18965
15795
-25610
38380
23740
-41450
-10325
-25805
-11605
-1015
31410
19285
34005
47930
-29420
13265
38110
-16980
-12775
34325
-37070
47015
16715
15035
39180
-9400
-25760
8980
-20375
-46380
-22460
-34895
-31970
30695
27700
10580
37875
-16300
22240
44185
-41780
19960
31465
19305
-25190
-21515
-21760
-11225
-22910
-28260
505
47405
-19250
-19010
42540
-32960
-45520
-12610
25580
-18285
-345
15415
33220
40235
-23010
42875
-19290
-49225
30285
4595
36120
-42255
-26070
-20010
43710
-49470
-36875
-22525
-14470
14335
27730
44140
32105
-33850
43155
20750
-21545
-23655
16775
34960
-47560
-45550
-20545
42075
22445
29235
29675
-37365
-12665
4450
4255
-43400
-29065
-44920
38665
-45975
-17605
-13415
-28785
-14670
-5420
-34110
-1495
1580
-45495
14955
19310
30815
-35250
18505
-28425
3305
32205
-38360
-34030
-4035
22845
-25100
-2840
25885
34470
-21175
29125
-12990
47070
-19145
-24735
14290
19380
-45325
-10290
-5675
-16045
28075
-22585
-38380
-41370
-45970
2145
-31765
-43920
34415
24495
15330
6375
-10585
-35985
37185
-39275
-2595
16285
-1630
46875
-7960
-29820
1785
23315
-47000
36960
-42235
43755
-46065
-525
46205
42655
15885
11010
3120
25830
24820
38295
-18250
49255
-38395
47490
36800
-40795
-5370
-1100
-765
42125
5760
-21695
41610
-20435
-14805
-21105
-32480
-27505
31125
-20400
4405
27000
20090
410
9255
-9970
12615
-1205
-29605
-21950
8615
-32205
1630
-12670
17275
21205
37175
24095
19895
-41290
-33790
29935
8005
31595
40295
-30410
37520
-27140
2190
35225
-4650
-5530
-27765
29755
-27790
-47705
-42805
25650
-15080
26540
40085
47075
-18310
-20540
49685
-10050
-2360
-34425
-16140
-37760
-14700
-1475
5240
-46055
33875
-12090
4790
-42970
-34745
-13070
-37655
48505
-13470
-25605
-6590
-49495
5215
9185
36980
-46635
34305
-39900
-35885
-20085
25715
4490
-23300
-37485
15055
31195
-39835
-42250
-2450
-3645
38690
16680
44830
2665
-6780
24790
26830
-29015
-15815
14280
-11250
7685
28930
-30020
-9530
-38870
-49320
33595
-6770
-13345
16410
-17465
450
-19105
29455
15840
-42605
41450
-35730
16380
29505
-16720
33000
28250
12955
-33540
6440
28665
-37475
-19320
14655
7535
8130
-3275
28230
12765
-18550
45060
24680
3995
22210
-3250
7725
-6385
-21770
43275
45250
24270
-41265
-41660
15500
49055
8380
-43305
12435
14595
36560
-4500
18810
2525
-37245
-22705
9345
-11485
44415
25165
-10390
-18380
-28085
-24900
-11760
38310
37370
29370
21810
39865
33935
44365
-40155
-38765
-9085
-1565
18805
-12535
-22600
-1955
10425
26145
-25295
-33435
44135
-7250
27150
-19630
-23205
-49770
9755
-27590
34150
4805
-49875
-39600
-41595
-15765
-21305
-1580
12975
8020
12985
-34115
7585
-46400
45285
-5810
-20590
38795
-38975
-42735
16610
22295
-38100
-17925
21255
7380
31015
-6010
41500
25490
-13755
4390
-39940
-42205
-11200
-3555
16215
13980
4855
-45830
-47670
21135
-44080
-6200
7345
-7780
-44525
-11805
-8070
-11355
42940
-19375
-10935
-44470
49710
-34145
-15215
14465
-9905
47320
-33035
46290
24005
34490
-33040
11765
42640
-40960
-7150
-31115
46990
-17500
37825
9165
-49355
23520
49805
20505
-21310
-40620
-32010
36810
-12250
23115
3625
12330
21185
12410
17780
16720
-46060
-4475
-40390
-38005
44035
7270
-24460
-42025
-39035
-13525
1545
4580
16440
28525
6910
-45
14320
-10270
34485
34535
32800
-11435
-1765
1595
3885
49210
-3245
23245
-43990
-16765
-18745
-24910
-17340
-39140
-22795
26680
27615
10405
-15845
10000
-14995
-20965
46570
-25390
9830
-29400
49015
25945
-46005
34685
-24710
17265
33975
32625
-29020
7425
-25090
45395
-9190
40625
25410
-25880
-17485
-46880
-10395
-9745
28545
16235
-13875
23980
-2740
-26730
-49305
-1405
-26460
-46890
-1805
13985
-31935
25995
-36800
-13175
-18235
-35260
28740
-28525
-4465
-30320
28370
33895
-15270
-11550
-43615
37955
-37515
-36270
-35060
-5770
4330
44665
-10415
25815
13840
11635
10475
-32365
6830
44400
-37705
-34165
-5220
16540
-42580
-49120
-15985
12705
-47840
-24210
3100
-46865
46595
15475
30770
-2435
-48835
-32350
-36660
-7395
-44520
13285
42340
42725
-31925
-10845
-15535
46900
47480
22820
-36340
-40885
-44265
9615
-14035
17135
-38605
41010
38970
7040
255
-36280
11940
-11530
-43800
16465
12895
-25740
36955
-25355
-38330
-35170
-45965
-2365
43055
13335
805
-33565
39650
-48950
-4870
16615
-15670
-28560
40390
-9785
20270
-43695
-905
-5815
-2730
26055
-6295
44950
-38980
3160
15820
-40545
48680
40680
-46950
17210
-5480
32790
-515
49300
26890
-35530
-41150
27450
4530
17155
-23440
985
37705
-20780
-2195
-24515
-37265
-33610
-43030
-21820
3910
37770
-4365
-41490
14115
42885
39740
13370
8335
32065
-15350
47265
35320
-19880
10110
-32555
-39405
31490
-23155
-47910
-43765
-31285
18120
21065
6135
-6450
-39985
-5025
6050
27010
14895
41770
-9240
-11475
35145
-1695
-22505
-15300
26315
-15925
41795
-37000
-4070
26345
-16795
-42425
9790
-3160
-10130
-10765
-5520
-15145
-32090
-10550
-15540
-555
11800
-13120
8600
-22675
35010
33825
29445
49875
33160
-10875
36705
-26725
-16010
31455
14945
44625
21060
-39785
10855
-23860
-9545
30600
19045
2355
-27430
19120
20325
49125
-13550
-36315
-1525
13220
-28410
-47580
-46170
46310
-45875
970
16030
-14920
-39410
-9215
49225
-21390
46945
-2100
23210
44500
-6610
-40605
10285
-42945
-12265
39520
-33600
46750
-44685
-31600
13540
6530
22790
-19815
-32065
8700
-44335
27120
-27885
17730
-25835
-23290
2745
26160
-43925
8545
-27940
-46840
15310
49870
24470
-11830
2345
-38685
-35425
-5710
-16245
-32215
30415
24725
-47250
-21500
45435
32115
16875
-4820
45930
-40665
32820
-4090
44670
-49580
-47240
-13995
-31440
-26275
-11940
80
6955
26745
-25035
-14990
8900
4695
-7005
36815
-35155
5570
7030
-18510
-4540
21975
-23925
-47485
36495
2710
48105
6045
-25375
-27095
-27980
-14615
10035
-25590
-10275
36820
-5345
10750
-38040
30340
-3715
-45855
29190
22225
29120
-15700
5620
48020
4710
-23530
49575
36250
-48975
37880
-10615
41195
4935
12320
22675
36855
-8315
-35230
-19790
-6000
33020
-40815
3515
-9175
21620
-45160
12640
2595
49700
-49310
37315
20220
8915
43900
-22945
48090
-42865
-13980
-6700
1230
34820
-9325
14850
-24310
36025
-45310
-27560
24630
49170
200
8355
6985
32885
36175
46940
5735
-28305
14395
9330
-25815
-18020
-44895
-33930
31980
-41250
10345
-5485
29305
-31590
47260
-34650
48435
30085
-45630
11690
4995
-7560
2870
18320
-37445
34570
5870
-23460
22085
25010
32235
-34250
40695
-29440
3610
27495
-24500
-25300
45125
-38105
-7695
-48325
17015
3180
29925
-42685
15945
-18320
15270
-25120
15800
10940
11825
-43660
-22385
12050
-20835
2925
29855
19670
18440
-18565
44295
-15360
-42530
48080
-45840
-38820
45405
46005
-36490
8710
-15465
-34205
3205
37510
30200
37780
-26815
-37930
-6600
5280
-27785
4745
6175
-36240
-11320
1225
-35
-34255
35845
-3910
-48680
-8425
-14495
33645
-33400
-37325
36440
-46790
-12950
-22665
-44165
-3735
38130
-42590
-11045
-47850
47750
46270
31530
3760
-13425
20275
-39515
-28895
-22020
-1275
645
-3055
-9450
35940
33150
-25305
-16370
-33305
-3630
35140
26415
11840
-19985
-13935
-8860
40705
13685
-5050
26615
-790
-9975
-9685
-23640
-21315
-17025
27405
-30745
25975
-35980
-27750
37905
2655
4325
-5465
-41785
48860
38345
-7790
-8065
-42710
-37900
6010
48510
35390
48395
8715
-415
35080
-45255
49725
36050
6565
-37695
-1200
26090
-2135
22030
24970
-37645
-19945
-22030
-4980
48925
-13015
41740
6960
37105
-12445
-49050
39425
30095
-33965
-21250
-7670
-31270
-23165
17725
12200
-44130
-16030
2135
1135
-43225
42835
36565
45320
-24535
-4535
-9790
22010
10685
-40100
10420
39055
-13715
21625
-22425
-45215
27310
-4645
-41465
42230
35775
25865
-3345
-48330
-36260
-25820
-2175
-18575
42845
46970
-3855
-49195
-1260
42025
-31330
-31595
-26485
20415
-4375
-24400
11415
-28635
-27740
-45390
11505
21610
-43195
-23920
48035
5345
-43065
8785
-3780
-26110
25480
-11125
22650
-38830
-13160
-1845
-45570
-27115
39235
-43655
30510
30935
-40310
19585
49150
24585
-46300
-43540
-41870
-43495
-41010
32475
45305
-49245
33860
8030
2735
-39865
20435
30715
-9690
28945
-15945
-12540
19540
8930
25085
6700
-20760
47200
-21135
-43020
17425
-2225
-25790
-31110
-41020
-23020
26460
-27655
36425
-23785
24805
10985
44270
-18980
-32735
-25980
-780
-39890
2910
-32865
33880
-42150
-5230
-31825
38865
13655
500
2230
7525
-7805
15150
7155
-19715
26230
7050
-25420
-13720
11330
-27675
-45100
-13900
-15970
-30095
21760
23050
22270
-27685
4605
-47830
-20700
-22015
24985
-3920
-19575
-8415
-7165
-40880
19905
34140
9880
32355
21130
-9830
-36960
32090
-18415
34965
-9670
-5155
44940
19180
-7830
36535
-33575
16070
31380
41675
-49895
44700
-13465
-5000
-8665
27490
-33130
-40565
-935
-14055
-9295
49925
-24295
45520
32830
-38355
-49020
34515
-39020
41505
17440
-45545
42825
30915
6500
-42270
-42870
-36525
-21460
-33425
-8765
-21195
30725
43595
38785
-19565
38040
-45915
-40905
43350
-42075
4100
11960
-9660
-46495
1110
-3700
-22650
-13385
40
-4450
7340
-7680
39850
13850
21985
27865
34065
25765
38695
44680
-3520
-43410
-6220
1700
-33700
7735
-46230
-35040
36030
-20970
-5725
9990
26835
34855
49035
-1620
44710
37420
44860
-28930
-34240
-1725
-1425
1020
41240
-39465
7260
16600
25920
-22555
-11900
-8175
-49185
19175
-24610
-18650
-47740
-35185
33155
39260
44260
47360
24525
-13905
16075
6390
-7845
-13180
1475
20
5425
-15050
-8715
-24050
-27630
-28590
47120
46245
-14900
-4895
23340
41390
-26440
27710
23225
11240
-32600
-8830
48290
26850
36220
-8265
7715
-18545
19535
-9000
-41890
5720
-33740
-29840
46840
-12475
19760
-45920
-15750
-35285
45030
47995
10630
41805
-19415
-8150
-46870
1270
-4105
-25455
905
-250
-2765
3630
-19315
44695
11810
15505
26595
11515
17200
-29630
-26205
23485
11030
-13075
-7650
13395
6075
-5515
-7310
27365
-21925
13995
42685
-38400
43040
16100
-47355
-1305
-14380
15030
-6210
-24580
22655
26075
-32410
-26015
11420
-7305
-48625
-24810
-7525
-31420
30955
-12655
-3205
33785
14285
-3035
-20665
2590
13485
-16700
-11915
-30750
-44150
-9280
-3320
44735
-41315
30965
22290
32455
9965
-48255
-9410
27290
-27705
-20415
-25950
38540
30875
20395
46890
-17395
-18500
-16715
-6645
13530
-4270
-12825
43505
14745
8775
19795
-36000
-39715
-34450
-17970
-20620
34245
9530
-24725
-44205
-26795
-11860
24510
11705
-39800
-22090
-32800
-44345
-30855
-8650
41245
-15610
-40070
17570
-21440
-40865
-7190
-6175
-4370
47895
34680
13350
41170
42045
28885
29045
415
46155
48070
18195
-3125
5495
12070
-45190
25500
-20155
-39120
-25650
-45270
21080
9405
23220
-15200
32365
-32875
-12225
-14775
31630
-10015
-5435
32725
23575
-14595
900
-2815
10350
26970
-32890
-16805
-46275
-34100
-44410
-48640
-24200
-48415
29560
-40530
4825
5100
-34075
-42110
-38425
31340
-14420
37350
-14065
-13320
12575
4030
-32115
22740
3710
-14115
-42650
8995
-1455
-40455
-15075
32080
5675
-6215
3440
-2265
-20720
-13445
32585
1120
-12290
-35205
31035
40010
39660
31435
-14150
-6950
41665
-31785
1620
-16110
-7375
-7025
-20340
48255
37320
25735
-19470
48645
-43755
2295
-43435
39855
-2905
17385
-34670
46925
-15725
-5740
-48525
-4760
-21465
36990
-33390
-28795
47065
-3810
-47965
-44195
-33445
-9795
30660
8015
-24635
46865
12860
-7465
-42500
-7710
42175
-26745
44925
25610
-47990
8470
-39705
3510
-49255
25820
14295
-10455
38885
13055
-39435
3865
37335
27330
-21430
1665
41035
-31520
38480
36870
6140
38975
-38545
-45660
22035
45225
32860
-12230
-13595
-11130
-36150
9350
-18155
27005
-24085
8255
-19240
-18725
-29170
-38030
-12980
24665
7110
12540
22515
-19035
-13095
33565
26760
15665
14110
1680
34170
18590
-21800
-45290
19220
28530
38770
-39750
-20945
17915
-18085
5670
11295
-19425
-36975
15290
45640
11035
-19280
40805
10925
16805
-48365
28660
-13535
-7690
-40950
10550
43540
-535
-19110
-30450
-1440
-12325
19570
36900
41735
-34600
7530
-8380
38915
11730
-44730
-39845
-40640
30390
36225
27075
11920
45525
36445
46645
31990
46625
1760
36315
40620
26085
-39605
-17110
30330
42070
-21160
-24905
-15070
-23780
42255
18705
17205
-46990
34735
34830
-21470
-2370
22500
39540
49370
36215
1910
-16655
20650
47170
-12710
44355
-4630
24240
-48960
-27090
8200
-45425
29630
43955
2780
40065
925
-45825
-1530
37455
26905
-2080
24195
525
39750
2730
-215
-45955
-24925
-49640
-34420
-42525
-2470
-37350
16425
-28130
-30115
-1880
-16950
31095
-1965
-10075
30570
26555
11085
-19045
-29405
17415
49525
14345
26880
41875
-33115
-49660
35005
710
-14345
-20220
-36165
9175
22680
-13285
44180
-13735
6505
44570
-47075
28710
46665
38225
9550
49620
-46605
3555
-42105
-36615
44690
44265
-25015
47020
-42000
-41160
41385
-1865
30745
-21780
-37565
-46140
-10345
34895
-11075
16565
34910
-44845
-37595
36790
-29340
-37410
-40935
-4580
-4880
40170
2955
44855
-35790
32310
-33515
47985
17815
855
-35695
-36170
-31985
-48240
-9760
26010
22310
-14050
5115
4550
44205
24105
-44105
-32860
40595
-40325
17255
735
-16785
-41405
31475
2200
11435
14975
-25350
-38045
43105
-48565
-19850
-42310
-13110
-43690
42080
-16495
-1655
-8610
27190
-24205
2985
9665
1410
-16790
32265
38760
15455
44930
-25430
18755
-34805
40745
29060
28950
12300
-12640
-4975
-33510
14765
22620
3015
42130
25470
43575
-24070
-13170
21110
-34990
-15095
-46450
19775
-47985
23735
-32905
20725
26805
48125
49995
-30925
-4915
-44375
-36135
42935
47680
-46940
-44610
-31200
-36365
-30725
38675
33200
27945
14715
-47450
28280
-36630
42990
37360
40440
13665
-39190
-31835
215
30140
26625
34765
18845
7655
-2270
-44440
-37555
49000
36715
40655
-27925
33295
-21785
17700
-40035
45220
-5460
-35245
34275
21690
-33665
7855
6975
-35405
15695
19375
-38850
-17015
-42750
-25655
-28075
-3665
-12285
-13725
-26090
-13305
6220
37225
-15820
31495
-22010
-36640
25855
22605
15275
-5470
7830
28395
36695
-14580
-28925
-24345
10435
-24555
4645
47965
965
-29980
-9465
43740
13470
-49900
24925
-3335
44565
33920
39595
-36820
-1165
34355
-48065
-27380
41210
42660
9130
-12585
-38960
-20430
-14935
-8815
15335
11005
36280
36710
31915
-32850
-44035
-24805
-33205
-25865
43045
47090
2995
15520
32390
-675
16670
-26585
-20600
-36160
-39370
-31230
26940
23360
-19535
13505
-47470
-6380
-17180
-47530
-16475
27435
-3215
9900
-7170
-10810
-24680
-18675
-48430
18475
21090
11290
-41630
44675
-11410
19780
-12795
29945
-2325
-48670
-26875
30890
46800
-25595
16545
-4735
-10675
-41710
12570
-16220
-125
-35570
-31715
22365
-22455
21920
4065
-23045
-15805
-13685
-27455
-2660
-18115
40205
27455
-1060
-43985
-10450
17635
15530
-40875
28980
-6040
23375
-29495
31815
47740
-21905
29155
-36770
8310
-31680
-2430
44095
26510
-29485
15685
-2575
-6045
47990
-1365
-44700
26190
35015
-16940
2600
-14865
14580
-29835
11620
-32740
-28860
-38025
9375
-955
-8970
5890
-44045
40970
10695
-22265
-19705
-33815
1030
15965
39910
-38695
-48865
20575
44920
10330
-40225
-48180
-44160
-9765
4720
-5790
-24520
-39490
-8370
13630
-24225
-21765
-9515
49395
-44040
17835
-18290
15395
8675
-4590
24845
-36275
-2830
44255
-29990
19695
17630
17350
-23690
17030
-20670
36400
-2875
-49825
-22815
18130
43830
-6935
43545
21650
12175
-23845
5200
22300
3735
18420
295
24060
43015
43325
-30990
-33870
12475
4635
15510
-980
8275
-40790
15410
-40020
39005
22190
-19445
-16580
1190
17720
-41575
19205
-13830
16090
29545
36290
-40295
30835
37235
-29860
25065
16330
28890
-14980
48450
-13630
44440
48865
-10815
-6555
-24815
-41415
-15450
39530
48490
-24320
29255
38750
-3505
6480
49340
-42775
-38950
29345
-45135
-19055
-5795
31295
-6035
-8615
1995
-18795
-39340
-5140
-2490
-42845
9785
35935
21850
-12930
-18800
-26420
5465
44775
-20320
-9860
-5575
-23505
-5505
18135
-30600
-10955
10890
-16585
-24455
-37330
-40395
22630
19560
17405
-15740
25145
40210
-2955
-9700
-37255
7810
5595
-30800
-48220
23755
36650
-10670
26200
-43455
-18770
7100
-6930
26580
-5490
-45435
27230
4990
-48730
-21145
38525
28105
29460
-15340
-14680
-48250
14550
-19645
40360
28760
-41535
-3795
-13450
-46815
1425
12020
-43760
40040
16660
-16075
40485
43550
-38740
10280
18455
-45805
-12850
46160
39280
2695
27750
10010
45670
-31990
840
-38015
45355
-9360
-45640
44510
-25365
-27175
18865
-9810
-47420
26710
25045
-18530
-36220
-9210
-24615
26770
11020
-46205
-24350
-16890
3290
31600
-42540
-21480
-45055
19225
24815
-40780
33610
-36645
-19820
36350
-12520
-21210
-36835
19025
37075
320
41710
31500
4085
-14195
-25875
-22115
-18110
-6970
41635
5310
1325
-34570
44375
-20295
3425
14650
12565
20195
12110
-7485
21075
34045
-18200
-14645
275